12
11
11
12
21
72
77
79
79
79
83
81
79
82
83
82
82
81
60
23
12
12
13
13
10
13
40
73
75
74
76
76
79
78
69
21
14
13
14
15
14
14
13
13
14
17
51
72
72
75
76
75
78
79
78
50
15
14
14
14
14
14
13
15
15
18
64
68
71
70
70
71
70
71
71
58
31
20
13
12
11
11
17
62
76
79
80
79
78
79
56
16
13
13
13
12
11
15
36
64
78
79
80
79
80
73
15
13
77
77
78
81
86
86
70
54
76
77
65
65
75
77
80
77
57
31
14
12
12
13
12
13
13
13
13
11
13
11
39
67
79
78
82
78
71
69
15
12
77
84
81
80
74
73
81
80
80
79
80
52
44
44
43
43
77
82
74
69
67
65
12
33
78
77
77
76
79
78
72
74
74
75
76
73
75
75
75
75
74
66
66
75
80
70
56
50
54
59
60
63
69
73
69
18
20
76
76
77
77
76
75
76
72
70
74
74
57
14
62
72
72
63
62
67
77
86
85
35
48
35
71
24
11
78
72
73
72
72
74
82
86
88
87
89
89
89
89
89
87
87
86
83
84
85
86
85
85
85
85
86
87
88
87
88
87
88
87
88
88
89
