1.6800000000000002
0.42000000000000004
2.52
4.62
-19.740000000000002
0.8400000000000001
8.82
8.82
8.82
8.4
-19.32
-21.84
-23.1
-23.1
-23.1
-23.520000000000003
-23.520000000000003
-23.94
-23.520000000000003
-23.1
-21.0
-2.52
7.140000000000001
7.98
8.4
8.82
8.82
-6.720000000000001
-21.0
-22.259999999999998
-22.68
-23.520000000000003
-23.1
-23.94
-23.1
-16.8
5.46
7.98
8.4
8.82
8.82
8.4
9.600000000000001
8.64
2.56
-11.52
-12.8
-12.48
-14.719999999999999
-14.08
-14.08
-9.92
2.56
8.64
9.280000000000001
9.600000000000001
9.280000000000001
8.96
8.96
6.4
-8.64
-12.48
-14.08
-14.08
-14.08
-14.4
-14.4
-8.0
4.16
7.68
8.96
8.96
9.280000000000001
8.64
8.32
6.720000000000001
2.88
-6.720000000000001
-12.8
-14.4
-14.4
-15.04
-13.86
13.17
11.22
8.08
8.25
7.83
8.0
8.42
6.99
-1.7400000000000002
-12.7
-11.370000000000001
-10.76
-10.25
-10.67
-10.5
-2.0999999999999996
4.58
5.12
9.97
8.93
8.25
5.31
-0.2200000000000002
-10.52
-11.97
-10.51
21.92
-18.33
-11.7
-12.17
-12.0
-11.53
-11.7
-11.23
-10.459999999999999
8.0
9.66
10.829999999999998
10.24
8.959999999999999
7.890000000000001
9.809999999999999
10.709999999999999
9.73
6.609999999999999
-4.890000000000001
-18.16
-11.7
-10.76
-11.1
-5.93
-1.2199999999999993
0.6300000000000001
-3.25
-15.09
-12.379999999999999
-11.7
12.74
12.36
11.649999999999999
9.86
-4.370000000000001
-17.43
-12.209999999999999
-11.23
10.69
15.39
6.569999999999999
-21.98
-12.51
-11.53
10.39
10.39
11.729999999999999
-0.14000000000000057
-15.200000000000001
-13.57
-11.7
-13.11
14.66
9.969999999999999
9.979999999999999
-9.030000000000001
-16.97
-11.7
-11.23
-12.34
-10.12
-6.569999999999999
-2.9299999999999997
5.07
-5.08
-12.1
-12.93
-12.34
-9.92
-8.96
13.440000000000001
15.36
15.36
-9.280000000000001
-9.600000000000001
-9.600000000000001
-9.280000000000001
-8.96
-8.96
19.980000000000004
10.8
10.8
10.8
10.8
10.8
10.8
10.8
10.8
11.17
10.63
10.8
10.8
10.8
10.430000000000001
10.97
10.8
10.8
11.17
11.0
10.63
9.32
-0.3600000000000003
-11.14
-5.85
-4.630000000000001
-16.45
-10.5
-10.5
-10.5
-10.5
-10.5
-10.5
-5.8
17.880000000000003
15.280000000000001
12.9
13.37
13.2
12.73
12.9
12.43
13.07
12.43
12.6
12.6
12.129999999999999
-18.130000000000003
-18.5
-19.240000000000002
-17.76
6.290000000000001
8.14
7.7700000000000005
5.550000000000001
-14.430000000000001
-16.28
-17.020000000000003
-17.39
-16.65
-16.65
-17.020000000000003
-18.130000000000003
-18.130000000000003
-8.510000000000002
6.66
7.030000000000001
7.030000000000001
-17.020000000000003
-19.25
-19.25
-19.25
-20.02
-20.02
-20.02
-20.02
-18.479999999999997
-18.479999999999997
-18.479999999999997
-18.479999999999997
-18.479999999999997
-19.25
-18.479999999999997
-19.25
-19.25
-19.25
-19.25
-19.25
-18.479999999999997
-18.479999999999997
-18.479999999999997
-18.479999999999997
-18.479999999999997
-18.479999999999997
-17.71
-15.4
-13.09
-8.469999999999999
-0.77
7.7
13.86
19.25
20.02
-1.54
15.96
9.08
9.67
10.34
7.06
10.35
15.120000000000001
10.68
8.74
8.83
10.26
10.34
10.42
10.25
10.25
9.83
10.42
9.83
10.42
9.41
9.75
-9.57
-14.350000000000001
7.970000000000001
-15.98
-10.67
-10.5
-10.5
-10.5
-10.5
-10.969999999999999
-10.799999999999999
-10.799999999999999
-10.33
-10.5
-10.5
-10.03
-9.73
-10.84
-10.5
-9.56
-8.02
-5.409999999999999
-0.48999999999999977
4.82
6.33
5.739999999999999
4.93
0.3999999999999999
-3.0700000000000003
-5.9
-7.49
-5.83
-2.2399999999999993
3.45
7.48
8.389999999999999
7.199999999999999
6.26
6.13
3.9499999999999997
-0.8400000000000001
-5.380000000000001
-6.29
-7.92
-8.31
-5.92
-1.8999999999999995
4.390000000000001
7.14
8.389999999999999
8.32
3.9
3.9
3.9
-20.740000000000002
-8.29
-7.949999999999999
-7.949999999999999
-7.949999999999999
-7.63
-6.84
-4.1499999999999995
1.1900000000000004
6.090000000000001
4.7
3.96
3.4499999999999997
3.13
2.98
53.82
46.0
34.3
-31.86
-26.68
-26.0
-24.83
-23.83
-24.0
-25.17
-26.17
-27.17
-25.83
-26.0
-26.0
-26.0
-26.0
-24.83
-23.83
-24.0
-24.0
26.310000000000002
42.4
30.81
-35.86
-26.0
-26.0
-26.0
-24.83
-23.83
-25.17
-26.17
-24.83
-26.17
-27.17
-27.0
-27.0
-17.39
-10.629999999999999
-6.1
2.54
2.56
-2.56
-13.89
-11.649999999999999
-10.799999999999999
-10.799999999999999
-10.799999999999999
-10.799999999999999
-10.799999999999999
-10.33
-10.969999999999999
-10.799999999999999
-10.799999999999999
-10.799999999999999
-10.33
-10.5
-7.68
-2.1199999999999997
5.84
6.33
7.619999999999999
5.66
-0.5800000000000005
-10.42
-13.05
-10.969999999999999
-10.33
-10.5
-10.969999999999999
-10.799999999999999
-8.92
-0.1999999999999993
10.5
10.57
11.049999999999999
10.67
8.62
0.3699999999999992
-14.73
-12.329999999999998
-10.799999999999999
-11.52
-5.3999999999999995
-5.3999999999999995
-5.08
-5.25
-5.25
-5.569999999999999
-5.3999999999999995
-5.08
-5.569999999999999
-5.3999999999999995
-5.3999999999999995
-5.72
-5.2299999999999995
-5.3999999999999995
-5.3999999999999995
-5.08
-5.25
-5.25
-5.569999999999999
-5.08
-5.25
-5.569999999999999
-5.3999999999999995
-5.3999999999999995
-11.2
-3.3299999999999996
8.13
9.5
6.529999999999999
6.489999999999999
17.64
4.44
5.909999999999999
6.04
6.02
5.85
6.17
-4.24
-1.36
6.720000000000001
8.27
5.87
5.7
4.74
5.25
-15.870000000000001
-5.93
11.84
6.1899999999999995
7.13
-5.390000000000001
-0.06000000000000005
-0.19000000000000003
17.79
6.1899999999999995
5.85
4.25
5.1
-4.59
-1.7000000000000002
-6.0200000000000005
-4.92
-4.71
-0.1499999999999999
14.580000000000002
-2.43
-8.190000000000001
-3.87
-3.7
-4.78
-4.1000000000000005
-17.090000000000003
-3.7300000000000004
-2.2800000000000002
2.64
8.08
5.0
4.11
3.6
3.33
3.5
3.5
3.2300000000000004
3.1300000000000003
1.6800000000000002
2.16
5.470000000000001
-20.02
-20.02
-20.02
-19.25
-12.32
4.619999999999999
23.1
30.03
29.26
13.86
-10.780000000000001
-18.479999999999997
-19.25
-19.25
-17.71
-13.09
-0.0
