3.9
4.0
4.0
4.0
4.1
4.1
4.2
4.2
4.2
4.3
4.3
4.3
4.4
4.4
4.4
4.5
4.5
4.5
4.6
4.6
4.6
4.6
4.7
4.7
4.7
4.8
4.8
4.8
4.8
4.9
4.9
4.9
5.0
5.0
5.0
5.1
5.1
5.1
5.1
5.2
5.2
5.2
5.3
5.3
5.4
5.4
5.4
5.4
5.5
5.5
5.5
5.5
5.6
5.6
5.6
5.7
5.7
5.7
5.7
5.8
5.8
5.8
5.8
5.9
5.9
5.9
5.9
6.0
6.0
6.1
6.1
6.1
6.1
6.2
6.2
6.2
6.2
6.3
6.3
6.3
6.4
6.5
6.5
6.6
6.6
6.7
6.7
6.7
6.7
6.8
6.8
6.8
6.9
6.9
6.9
7.0
7.0
7.0
7.0
7.1
7.1
7.1
7.2
7.2
7.2
7.3
9.2
9.2
9.3
9.3
9.3
9.3
9.4
9.4
9.4
9.5
9.5
9.5
9.6
9.6
9.6
9.6
9.7
9.7
9.7
9.7
9.8
9.8
9.8
9.8
9.8
9.9
9.9
9.9
9.9
10.0
10.0
10.0
10.0
10.1
10.1
10.1
10.1
10.2
10.2
10.2
10.3
10.3
10.3
10.3
10.4
10.4
10.4
10.5
10.5
10.5
10.5
10.6
10.6
10.6
10.6
10.7
10.7
10.7
10.7
10.8
10.8
10.8
10.9
10.9
10.9
10.9
11.0
11.0
11.0
11.1
11.1
11.1
11.1
11.2
11.2
11.2
11.2
11.3
11.3
11.3
11.4
11.5
11.5
11.6
11.6
11.6
11.7
11.7
11.7
11.8
11.8
11.8
11.8
11.9
11.9
11.9
11.9
12.0
12.0
12.0
12.1
12.1
12.1
12.1
12.2
12.2
12.2
12.2
12.3
12.3
12.3
12.3
12.4
12.4
12.4
12.5
12.5
12.5
12.5
12.6
12.6
12.6
12.7
12.7
12.7
12.7
12.8
12.8
12.8
12.9
13.0
13.0
13.1
13.1
13.2
13.2
13.3
13.3
13.4
13.5
13.5
13.6
13.6
13.6
13.7
13.8
13.8
13.9
13.9
14.0
14.0
14.1
15.1
15.1
15.1
15.2
15.2
15.2
15.3
15.3
15.3
15.3
15.4
15.4
15.4
15.4
15.5
15.5
15.5
15.5
15.6
15.6
15.6
15.6
15.7
15.7
15.7
15.7
15.8
15.8
15.8
15.8
15.9
15.9
15.9
15.9
16.0
18.5
18.6
18.6
18.6
18.7
18.7
18.7
18.8
18.9
18.9
18.9
18.9
19.0
19.0
19.0
19.1
19.1
19.1
19.1
19.2
19.2
19.2
19.3
19.3
19.3
19.4
19.4
19.4
19.4
19.5
20.9
21.0
21.1
21.1
21.2
21.2
21.3
21.4
21.5
21.6
21.6
21.7
21.7
21.8
21.8
21.8
21.9
21.9
21.9
22.0
22.0
22.0
22.1
22.1
22.2
22.2
22.3
22.4
22.4
22.5
22.5
22.6
22.6
22.7
22.8
22.9
23.0
23.1
23.1
23.2
25.1
25.2
25.2
25.2
25.3
25.3
25.3
25.3
25.4
25.4
25.4
25.4
25.5
25.5
25.5
25.5
25.6
25.6
25.6
25.6
25.7
25.7
25.7
25.8
25.8
25.8
25.8
25.9
25.9
25.9
29.8
29.9
29.9
30.0
30.0
30.1
30.1
30.2
30.2
30.2
30.3
30.3
30.3
30.3
30.4
30.4
30.4
30.5
30.5
30.6
30.6
30.7
30.7
30.8
30.9
30.9
31.0
31.1
31.1
31.2
31.2
31.3
31.3
32.2
32.3
32.4
32.7
32.8
32.9
33.0
33.1
33.2
33.3
33.4
33.5
33.6
33.6
34.7
34.7
34.7
34.7
34.8
34.8
34.8
34.9
34.9
34.9
34.9
35.0
35.0
35.0
35.0
35.1
35.1
35.1
35.1
35.2
35.2
35.2
35.2
35.3
35.3
35.3
35.4
35.4
35.4
35.4
35.5
35.5
38.4
38.4
38.4
38.5
38.5
38.5
38.5
38.6
38.6
38.6
38.7
38.7
38.7
38.7
38.8
38.8
38.8
38.9
38.9
38.9
38.9
39.0
39.0
39.0
39.0
39.1
39.1
39.1
39.2
39.2
39.2
39.3
39.3
39.3
39.3
39.4
39.4
39.4
39.5
39.5
39.5
39.5
39.6
39.6
39.6
39.7
39.7
39.8
39.8
39.8
39.9
39.9
39.9
39.9
40.0
40.0
40.0
40.1
40.1
40.2
40.2
40.3
40.4
40.4
40.5
40.5
40.6
40.7
40.7
40.8
40.8
40.9
40.9
41.0
41.0
41.1
41.1
41.2
41.2
41.2
41.2
41.3
41.3
41.3
41.4
41.5
41.6
41.6
41.7
41.8
41.8
41.9
41.9
42.0
42.1
42.1
42.1
42.2
42.2
42.2
42.2
42.3
42.3
42.3
42.4
42.4
42.4
42.5
42.6
42.6
42.7
42.7
42.8
42.9
42.9
43.0
43.0
43.1
43.1
43.2
43.2
43.2
43.2
43.3
43.3
43.3
43.4
43.4
43.4
43.5
43.5
43.6
43.6
43.7
43.8
43.8
43.9
43.9
44.0
44.0
44.1
44.1
44.2
44.3
44.3
44.4
44.5
46.1
46.1
46.2
46.2
46.3
46.4
46.5
46.6
46.6
46.7
46.7
46.8
46.8
46.8
46.8
46.9
46.9
46.9
47.0
47.0
47.1
47.1
47.2
47.3
47.3
47.4
47.4
47.5
47.5
47.6
47.7
47.7
47.8
47.8
47.9
47.9
48.0
48.0
49.7
49.8
49.9
49.9
49.9
49.9
49.9
50.0
50.0
50.0
50.0
50.1
50.1
50.1
50.1
50.2
50.2
50.2
50.2
50.2
50.3
50.3
50.3
50.3
50.4
50.4
50.4
50.5
50.5
50.5
50.5
50.6
